Bin Feature_name Count_D1 Count_D3 Gene_length(bp) RPKM
bin_1 GEDJHMHK_00354 10 24 1643 0,007 0,020
bin_1 GEDJHMHK_01555 5 1 1418 0,004 0,0001
bin_1 GEDJHMHK_01399 2 0 1856 0,001 0
bin_2 NKKGILPB_00849 118 9 221 0,611 0,056
bin_2 NKKGILPB_01324 5 12 347 0,016 0,047
bin_2 NKKGILPB_01726 3 0 527 0,007 0
bin_6 AJLHJOPO_00051 983 793 437 2,574 2,476
bin_6 AJLHJOPO_00052 286 115 143 2,289 1,097
bin_6 AJLHJOPO_00053 28 6 110 0,345 0,074
bin_7 IBEININK_00535 12 4 1193 0,012 0,005 
bin_7 IBEININK_01307 11 5 1637 0,008 0,004
bin_7 IBEININK_00817 9 13 536 0,020 0,033
bin_12 NAKHGHBN_00872 156 78 434 0,411 0,245
bin_12 NAKHGHBN_01044 62 97 1913 0,037 0,069
bin_12 NAKHGHBN_01166 37 63 194 0,218 0,443
bin_16 KMAGMKGC_00137 1 2 4451 0,001 0,001 
bin_16 NAKHGHBN_01044 0 97 - -
bin_16 NAKHGHBN_01166 0 63 - -
bin_19 HOJAHHDM_00402 9 19 440 0,023 0,059 
bin_19 HOJAHHDM_01159 6 45 1904 0,004 0,032 
bin_19 HOJAHHDM_00901 5 0 464 0,012 0
bin_24 OADFBJFJ_00120 13 7 1415 0,011 0,007
bin_24 OADFBJFJ_02314 12 101 488 0,028 0,282
bin_24 OADFBJFJ_02432 10 92 224 0,051 0,560
bin_26 FFEFCCMG_00326 258 107 209 1,413 0,699
bin_26 FFEFCCMG_00530 164 61 269 0,256 0,832
bin_26 FFEFCCMG_00904 40 87 3071 0,015 0,040
